{
  "advancedEditorSelectedIdentifier" : "ShaderGraphEditorPluginID",
  "openSceneRelativePaths" : [
    "PlaneStereo.usda",
    "HoverEffect.usda",
    "BlurredBackground.usda",
    "EnvironmentRadiance.usda",
    "Immersive.usda",
    "Scene.usda",
    "PBRSurface.usda",
    "OcclusionSurface.usda",
    "ShadowReceivingOcclusionSurface.usda"
  ],
  "recentIdentifiers" : {
    "180A728C-5B6F-430F-B7E7-B5D13E5CA588" : [

    ],
    "63FF4207-1AB5-43A6-B2AE-5673D22EE024" : [

    ],
    "6E75CABF-1541-4D07-8390-CD43786E03DA" : [

    ],
    "9DB92B9F-BBEE-4E0E-B389-445E33E446AD" : [

    ],
    "AF09ED6F-1707-48FD-8720-65B998362C09" : [

    ],
    "C7A13E55-C22E-42D3-A61E-831F059481D1" : [

    ],
    "CAE4D624-EFD1-4018-BA40-5C8EBF874576" : [

    ],
    "D66134B1-3681-4A8E-AFE5-29F257229F3B" : [

    ],
    "F1B9A6DE-25CA-4873-8F2C-C0D98D1BCA3B" : [

    ]
  },
  "sceneCameraHistory" : {
    "0CC7A452-7468-4491-956A-605DBAE4FC75" : [
      {
        "date" : 792658693.490127,
        "title" : "Untitled",
        "transform" : [
          1,
          0,
          0,
          0,
          0,
          0.7071069,
          -0.70710677,
          0,
          0,
          0.70710677,
          0.7071069,
          0,
          0,
          0.3625907,
          0.36259094,
          1
        ]
      }
    ],
    "2642F50F-0D45-42F4-BCE4-D3CD7958C921" : [
      {
        "date" : 794473876.031588,
        "title" : "Untitled",
        "transform" : [
          0.9999945,
          4.002426e-11,
          -0.0033056708,
          0,
          -0.0007397725,
          0.9746377,
          -0.2237877,
          0,
          0.0032218313,
          0.22378893,
          0.9746324,
          0,
          0.0023652173,
          0.1642884,
          0.7154991,
          1
        ]
      }
    ],
    "63FF4207-1AB5-43A6-B2AE-5673D22EE024" : [
      {
        "date" : 794457577.26368,
        "title" : "Untitled",
        "transform" : [
          0.99970037,
          -6.844716e-10,
          -0.02447471,
          0,
          -0.009265101,
          0.9255775,
          -0.37844464,
          0,
          0.022653244,
          0.3785581,
          0.9253003,
          0,
          -0.0048111863,
          0.09668413,
          0.2345908,
          1
        ]
      },
      {
        "date" : 794457557.262977,
        "title" : "Untitled",
        "transform" : [
          0.99970037,
          -6.844716e-10,
          -0.02447471,
          0,
          -0.009265101,
          0.9255775,
          -0.37844464,
          0,
          0.022653244,
          0.3785581,
          0.9253003,
          0,
          -0.045441054,
          0.091103494,
          0.23786864,
          1
        ]
      },
      {
        "date" : 794457458.092626,
        "title" : "Untitled",
        "transform" : [
          0.99970037,
          -6.844716e-10,
          -0.02447471,
          0,
          -0.009265101,
          0.9255775,
          -0.37844464,
          0,
          0.022653244,
          0.3785581,
          0.9253003,
          0,
          -0.00045914197,
          0.24261114,
          0.6976163,
          1
        ]
      },
      {
        "date" : 794457422.294519,
        "title" : "Untitled",
        "transform" : [
          0.9990505,
          -5.59625e-10,
          -0.043565627,
          0,
          -0.008102944,
          0.9825509,
          -0.18581733,
          0,
          0.04280545,
          0.18599401,
          0.98161805,
          0,
          0.014365364,
          0.09837903,
          0.7318771,
          1
        ]
      },
      {
        "date" : 792491154.350628,
        "title" : "Untitled",
        "transform" : [
          0.9990505,
          -5.59625e-10,
          -0.043565627,
          0,
          -0.008102944,
          0.9825509,
          -0.18581733,
          0,
          0.04280545,
          0.18599401,
          0.98161805,
          0,
          0.03156202,
          0.13714017,
          0.72378284,
          1
        ]
      }
    ],
    "6E75CABF-1541-4D07-8390-CD43786E03DA" : [
      {
        "date" : 794473911.405345,
        "title" : "Untitled",
        "transform" : [
          1,
          0,
          0,
          0,
          0,
          0.7071069,
          -0.70710677,
          0,
          0,
          0.70710677,
          0.7071069,
          0,
          0,
          0.3005135,
          0.30051365,
          1
        ]
      },
      {
        "date" : 792576140.259493,
        "title" : "Untitled",
        "transform" : [
          1,
          0,
          0,
          0,
          0,
          0.7071069,
          -0.70710677,
          0,
          0,
          0.70710677,
          0.7071069,
          0,
          0,
          0.5228265,
          0.52282673,
          1
        ]
      }
    ],
    "894825FB-4292-4D1B-9603-1EB41D388048" : [
      {
        "date" : 792577663.646068,
        "title" : "Untitled",
        "transform" : [
          0.99985105,
          -1.7543744e-11,
          -0.017259318,
          0,
          -0.0042146817,
          0.9697256,
          -0.24416111,
          0,
          0.016736804,
          0.24419749,
          0.9695812,
          0,
          0.008444859,
          0.12321415,
          0.48921984,
          1
        ]
      }
    ],
    "9DB92B9F-BBEE-4E0E-B389-445E33E446AD" : [
      {
        "date" : 794473883.335536,
        "title" : "Untitled",
        "transform" : [
          0.9988809,
          -1.5868291e-09,
          -0.047296423,
          0,
          -0.007597686,
          0.98701316,
          -0.16045998,
          0,
          0.046682194,
          0.16063972,
          0.98590857,
          0,
          0.12073414,
          0.4154625,
          2.5498552,
          1
        ]
      }
    ],
    "AF09ED6F-1707-48FD-8720-65B998362C09" : [
      {
        "date" : 794457502.647796,
        "title" : "Untitled",
        "transform" : [
          0.9997089,
          -1.167948e-10,
          -0.02413212,
          0,
          -0.0065454594,
          0.9625133,
          -0.27115536,
          0,
          0.023227487,
          0.27123433,
          0.962233,
          0,
          -0.33430943,
          1.3894265,
          0.21996176,
          1
        ]
      },
      {
        "date" : 794457499.131635,
        "title" : "Untitled",
        "transform" : [
          0.99937856,
          -1.167948e-10,
          -0.035250816,
          0,
          -0.009561231,
          0.9625133,
          -0.27106577,
          0,
          0.033929378,
          0.27123433,
          0.96191514,
          0,
          -0.35434556,
          1.3481299,
          0.13032198,
          1
        ]
      },
      {
        "date" : 792660359.039329,
        "title" : "Untitled",
        "transform" : [
          0.99937856,
          -1.167948e-10,
          -0.035250816,
          0,
          -0.009561231,
          0.9625133,
          -0.27106577,
          0,
          0.033929378,
          0.27123433,
          0.96191514,
          0,
          0.6815168,
          1.2545534,
          -0.02681446,
          1
        ]
      },
      {
        "date" : 792660338.691671,
        "title" : "Untitled",
        "transform" : [
          0.99937856,
          -1.167948e-10,
          -0.035250816,
          0,
          -0.009561231,
          0.9625133,
          -0.27106577,
          0,
          0.033929378,
          0.27123433,
          0.96191514,
          0,
          0.91985476,
          1.2815863,
          -0.04284388,
          1
        ]
      },
      {
        "date" : 792660335.243252,
        "title" : "Untitled",
        "transform" : [
          0.9993785,
          2.3144509e-10,
          -0.03525082,
          0,
          -0.00956123,
          0.9625133,
          -0.2710658,
          0,
          0.03392939,
          0.27123436,
          0.9619152,
          0,
          0.0014389753,
          1.2475668,
          0.88360214,
          1
        ]
      },
      {
        "date" : 792660333.84358,
        "title" : "Untitled",
        "transform" : [
          0.9993785,
          2.3144509e-10,
          -0.03525082,
          0,
          -0.00956123,
          0.9625133,
          -0.2710658,
          0,
          0.03392939,
          0.27123436,
          0.9619152,
          0,
          0.62970674,
          1.56029,
          0.7732606,
          1
        ]
      },
      {
        "date" : 792660291.790176,
        "title" : "Untitled",
        "transform" : [
          0.9993785,
          2.3144509e-10,
          -0.03525082,
          0,
          -0.00956123,
          0.9625133,
          -0.2710658,
          0,
          0.03392939,
          0.27123436,
          0.9619152,
          0,
          0.5386505,
          1.647163,
          0.75197697,
          1
        ]
      },
      {
        "date" : 792659664.592149,
        "title" : "Untitled",
        "transform" : [
          0.9994495,
          2.3144509e-10,
          -0.03317684,
          0,
          -0.008998696,
          0.9625133,
          -0.27108505,
          0,
          0.031933155,
          0.27123436,
          0.9619835,
          0,
          0.18779013,
          1.5820085,
          0.66342163,
          1
        ]
      },
      {
        "date" : 792659662.008399,
        "title" : "Untitled",
        "transform" : [
          0.9994495,
          2.3144509e-10,
          -0.03317684,
          0,
          -0.008998696,
          0.9625133,
          -0.27108505,
          0,
          0.031933155,
          0.27123436,
          0.9619835,
          0,
          -0.44263136,
          1.7423316,
          0.63914394,
          1
        ]
      },
      {
        "date" : 792659638.508109,
        "title" : "Untitled",
        "transform" : [
          0.9990307,
          1.1635204e-10,
          -0.044019397,
          0,
          -0.006037323,
          0.99055,
          -0.13701855,
          0,
          0.043603417,
          0.13715148,
          0.98958987,
          0,
          -0.09199864,
          0.8540012,
          0.8168819,
          1
        ]
      }
    ],
    "B1E63793-17A8-4AD1-B612-371CA5A3CE4A" : [
      {
        "date" : 794718268.622607,
        "title" : "Untitled",
        "transform" : [
          0.99954695,
          -1.9909303e-09,
          0.030099802,
          0,
          0.0032109153,
          0.99429387,
          -0.10662715,
          0,
          -0.029928006,
          0.10667554,
          0.9938434,
          0,
          0.027549103,
          0.078408174,
          0.43662524,
          1
        ]
      },
      {
        "date" : 794473835.154733,
        "title" : "Untitled",
        "transform" : [
          0.99954695,
          -1.9909303e-09,
          0.030099802,
          0,
          0.0032109157,
          0.994294,
          -0.106627166,
          0,
          -0.029928006,
          0.10667554,
          0.9938434,
          0,
          -0.013212547,
          0.047094695,
          0.43875885,
          1
        ]
      },
      {
        "date" : 794473831.988717,
        "title" : "Untitled",
        "transform" : [
          0.9002161,
          -1.1214404e-09,
          0.43544355,
          0,
          0.20017089,
          0.8880773,
          -0.41382414,
          0,
          -0.38670745,
          0.45969427,
          0.7994614,
          0,
          -0.17072241,
          0.2029443,
          0.35294372,
          1
        ]
      },
      {
        "date" : 794473827.515944,
        "title" : "Untitled",
        "transform" : [
          0.900216,
          -1.1214403e-09,
          0.4354435,
          0,
          0.20017089,
          0.8880773,
          -0.41382414,
          0,
          -0.38670745,
          0.45969427,
          0.7994614,
          0,
          -0.1314531,
          0.15626335,
          0.27176014,
          1
        ]
      },
      {
        "date" : 792575622.180151,
        "title" : "Untitled",
        "transform" : [
          0.98742586,
          -1.7234001e-09,
          0.15808223,
          0,
          0.050857395,
          0.94683665,
          -0.3176695,
          0,
          -0.14967805,
          0.3217148,
          0.93493104,
          0,
          -0.050879914,
          0.10936013,
          0.31781018,
          1
        ]
      }
    ],
    "C7A13E55-C22E-42D3-A61E-831F059481D1" : [
      {
        "date" : 794719943.875622,
        "title" : "Untitled",
        "transform" : [
          1,
          0,
          0,
          0,
          0,
          1,
          0,
          0,
          0,
          0,
          1,
          0,
          -0.03518401,
          0.21597213,
          0.8455084,
          1
        ]
      },
      {
        "date" : 794719939.559202,
        "title" : "Untitled",
        "transform" : [
          1,
          0,
          0,
          0,
          0,
          1,
          0,
          0,
          0,
          0,
          1,
          0,
          -0.10700446,
          0.17327249,
          1.9999999,
          1
        ]
      },
      {
        "date" : 794719935.125974,
        "title" : "Untitled",
        "transform" : [
          0.08817396,
          -5.9025984e-10,
          0.9961051,
          0,
          0.43459064,
          0.89980614,
          -0.038469415,
          0,
          -0.89630145,
          0.43628994,
          0.079339474,
          0,
          -0.898402,
          0.5609032,
          -0.27805474,
          1
        ]
      },
      {
        "date" : 794719932.733949,
        "title" : "Untitled",
        "transform" : [
          0.08817396,
          -5.9025984e-10,
          0.9961051,
          0,
          0.43459064,
          0.89980614,
          -0.038469415,
          0,
          -0.89630145,
          0.43628994,
          0.079339474,
          0,
          -0.82623136,
          0.6571003,
          0.008268068,
          1
        ]
      },
      {
        "date" : 794719923.70797,
        "title" : "Untitled",
        "transform" : [
          1,
          0,
          0,
          0,
          0,
          1,
          0,
          0,
          0,
          0,
          1,
          0,
          -0.06461623,
          0.2802002,
          0.81745327,
          1
        ]
      },
      {
        "date" : 794719921.592577,
        "title" : "Untitled",
        "transform" : [
          1,
          0,
          0,
          0,
          0,
          1,
          0,
          0,
          0,
          0,
          1,
          0,
          -0.04426098,
          0.23018438,
          0.6317786,
          1
        ]
      },
      {
        "date" : 794719876.54246,
        "title" : "Untitled",
        "transform" : [
          1,
          0,
          0,
          0,
          0,
          1,
          0,
          0,
          0,
          0,
          1,
          0,
          0.02334224,
          0.21516162,
          0.6317786,
          1
        ]
      },
      {
        "date" : 794719831.576641,
        "title" : "Untitled",
        "transform" : [
          -0.13520065,
          -2.3841839e-08,
          -0.99081826,
          0,
          -0.15835656,
          0.9871455,
          0.021608297,
          0,
          0.9780819,
          0.15982412,
          -0.1334627,
          0,
          0.5580309,
          0.27321973,
          0.075160265,
          1
        ]
      },
      {
        "date" : 794473893.600256,
        "title" : "Untitled",
        "transform" : [
          -0.49579188,
          -1.566835e-08,
          -0.8684414,
          0,
          -0.66425943,
          0.64416456,
          0.3792247,
          0,
          0.55941916,
          0.76488703,
          -0.31937155,
          0,
          0.39020175,
          0.60943544,
          -0.05013874,
          1
        ]
      },
      {
        "date" : 792659117.852211,
        "title" : "Untitled",
        "transform" : [
          -0.28345937,
          1.2247524e-08,
          -0.9589843,
          0,
          -0.20290056,
          0.97736096,
          0.05997395,
          0,
          0.9372738,
          0.21157873,
          -0.27704215,
          0,
          0.67052203,
          0.4266174,
          0.06597368,
          1
        ]
      }
    ],
    "CAE4D624-EFD1-4018-BA40-5C8EBF874576" : [
      {
        "date" : 792644417.124466,
        "title" : "Untitled",
        "transform" : [
          0.98924357,
          7.0459865e-09,
          0.1462776,
          0,
          0.042774864,
          0.9562892,
          -0.28927717,
          0,
          -0.13988383,
          0.2924227,
          0.9460029,
          0,
          0.024830304,
          0.09815594,
          0.3038055,
          1
        ]
      },
      {
        "date" : 792578369.335921,
        "title" : "Untitled",
        "transform" : [
          0.8786219,
          6.8388077e-09,
          -0.47751823,
          0,
          -0.093602344,
          0.98060024,
          -0.17222601,
          0,
          0.46825433,
          0.19601852,
          0.86157686,
          0,
          0.22839579,
          0.066590495,
          0.30122152,
          1
        ]
      },
      {
        "date" : 792578025.144091,
        "title" : "Untitled",
        "transform" : [
          0.95019066,
          9.8933e-09,
          -0.31166932,
          0,
          -0.039580747,
          0.99190325,
          -0.12067036,
          0,
          0.3091456,
          0.12699609,
          0.9424971,
          0,
          0.17164764,
          0.040304758,
          0.3409486,
          1
        ]
      },
      {
        "date" : 792578021.520318,
        "title" : "Untitled",
        "transform" : [
          -0.70007086,
          1.3417354e-08,
          0.7140734,
          0,
          0.37678528,
          0.84945786,
          0.36939678,
          0,
          -0.60657513,
          0.5276564,
          -0.5946808,
          0,
          -0.27299777,
          0.19349925,
          -0.18805213,
          1
        ]
      },
      {
        "date" : 792578012.201447,
        "title" : "Untitled",
        "transform" : [
          0.92230636,
          1.3031095e-08,
          -0.38645977,
          0,
          -0.16195111,
          0.9079569,
          -0.3865048,
          0,
          0.35088864,
          0.41906348,
          0.8374144,
          0,
          0.18687919,
          0.15181991,
          0.2989318,
          1
        ]
      },
      {
        "date" : 792578002.09848,
        "title" : "Untitled",
        "transform" : [
          0.9001158,
          1.3558111e-08,
          -0.4356509,
          0,
          -0.20732287,
          0.87950355,
          -0.42835817,
          0,
          0.38315633,
          0.4758924,
          0.791655,
          0,
          0.19822547,
          0.17361438,
          0.27910224,
          1
        ]
      },
      {
        "date" : 792577984.827953,
        "title" : "Untitled",
        "transform" : [
          0.9141043,
          1.2497871e-08,
          -0.4054788,
          0,
          -0.04830475,
          0.9928786,
          -0.10889748,
          0,
          0.40259108,
          0.11913027,
          0.90759474,
          0,
          0.20694128,
          0.059739854,
          0.32152796,
          1
        ]
      },
      {
        "date" : 792577980.64084,
        "title" : "Untitled",
        "transform" : [
          0.95801425,
          4.122132e-09,
          -0.28672048,
          0,
          -0.23555678,
          0.57012844,
          -0.787062,
          0,
          0.16346727,
          0.82155555,
          0.54619116,
          0,
          0.11779434,
          0.30703178,
          0.18087304,
          1
        ]
      },
      {
        "date" : 792577966.94037,
        "title" : "Untitled",
        "transform" : [
          0.9317195,
          1.6501055e-08,
          -0.36317876,
          0,
          -0.068382405,
          0.9821138,
          -0.1754322,
          0,
          0.35668266,
          0.1882887,
          0.91505456,
          0,
          0.1925209,
          0.09864285,
          0.33466214,
          1
        ]
      },
      {
        "date" : 792577958.443308,
        "title" : "Untitled",
        "transform" : [
          0.1728558,
          1.0976919e-08,
          -0.98494726,
          0,
          -0.7586825,
          0.637709,
          -0.13314693,
          0,
          0.6281096,
          0.7702774,
          0.11023189,
          0,
          0.23817381,
          0.3190305,
          -0.016918229,
          1
        ]
      }
    ],
    "F1B9A6DE-25CA-4873-8F2C-C0D98D1BCA3B" : [
      {
        "date" : 794473862.962131,
        "title" : "Untitled",
        "transform" : [
          0.9977347,
          2.804391e-09,
          0.06727008,
          0,
          0.0034654269,
          0.9986722,
          -0.05139849,
          0,
          -0.06718075,
          0.051515225,
          0.9964101,
          0,
          -0.036769524,
          0.028195592,
          0.5453575,
          1
        ]
      },
      {
        "date" : 794473847.041226,
        "title" : "Untitled",
        "transform" : [
          0.9999967,
          3.5663068e-09,
          0.0025952642,
          0,
          -0.00043214663,
          0.9860394,
          0.16651143,
          0,
          -0.00255903,
          -0.16651195,
          0.9860361,
          0,
          -0.0014006098,
          -0.09113556,
          0.53967965,
          1
        ]
      },
      {
        "date" : 792575777.644852,
        "title" : "Untitled",
        "transform" : [
          0.9988856,
          3.3642586e-09,
          0.04719559,
          0,
          0.003938451,
          0.99651194,
          -0.08335665,
          0,
          -0.047030967,
          0.083449684,
          0.99540144,
          0,
          -0.033662632,
          0.059729703,
          0.7124633,
          1
        ]
      },
      {
        "date" : 792575755.844877,
        "title" : "Untitled",
        "transform" : [
          0.98578846,
          3.876899e-09,
          0.16799103,
          0,
          -0.009339289,
          0.99845344,
          0.054803874,
          0,
          -0.16773123,
          -0.055593893,
          0.98426396,
          0,
          -0.12005442,
          -0.0397914,
          0.7044916,
          1
        ]
      },
      {
        "date" : 792575720.654763,
        "title" : "Untitled",
        "transform" : [
          0.92157626,
          -5.2819673e-09,
          0.38819733,
          0,
          0.38193804,
          0.17885171,
          -0.90671676,
          0,
          -0.06942973,
          0.98387605,
          0.16482545,
          0,
          -0.049694575,
          0.704214,
          0.11797443,
          1
        ]
      },
      {
        "date" : 792575714.778971,
        "title" : "Untitled",
        "transform" : [
          0.54392403,
          -3.7255043e-09,
          0.83913445,
          0,
          0.8386233,
          0.03489966,
          -0.5435927,
          0,
          -0.029285466,
          0.99939084,
          0.018982744,
          0,
          -0.020961042,
          0.71531874,
          0.013586891,
          1
        ]
      },
      {
        "date" : 792575711.577982,
        "title" : "Untitled",
        "transform" : [
          0.9740939,
          -2.2038478e-09,
          0.22614366,
          0,
          -0.22600588,
          0.034899566,
          0.97350055,
          0,
          -0.007892324,
          -0.99939084,
          0.033995505,
          0,
          -0.0056490037,
          -0.71531874,
          0.024332637,
          1
        ]
      },
      {
        "date" : 792575685.928772,
        "title" : "Untitled",
        "transform" : [
          0.99681854,
          4.6906674e-09,
          -0.07970582,
          0,
          -0.020865038,
          0.9651287,
          -0.26094303,
          0,
          0.07692637,
          0.26177594,
          0.9620581,
          0,
          0.05506041,
          0.18736756,
          0.6885976,
          1
        ]
      },
      {
        "date" : 792575671.97093,
        "title" : "Untitled",
        "transform" : [
          0.97206455,
          1.5685456e-10,
          -0.2347133,
          0,
          -0.23200603,
          0.1514463,
          -0.96085244,
          0,
          0.035546448,
          0.98846555,
          0.14721555,
          0,
          0.025442492,
          0.7074989,
          0.10537004,
          1
        ]
      },
      {
        "date" : 792575663.382509,
        "title" : "Untitled",
        "transform" : [
          0.99597895,
          1.166307e-10,
          0.08958722,
          0,
          0.08849807,
          0.15545793,
          -0.98387045,
          0,
          -0.013927045,
          0.98784256,
          0.1548328,
          0,
          -0.009968329,
          0.707053,
          0.11082211,
          1
        ]
      }
    ]
  },
  "sceneViewportBackgroundColors" : {

  },
  "selectedSceneRelativePath" : "PlaneStereo.usda"
}