{
  "advancedEditorSelectedIdentifier" : "ShaderGraphEditorPluginID",
  "openSceneRelativePaths" : [
    "Immersive.usda",
    "UvFrac.usda",
    "TimeSin.usda",
    "Gradient.usda",
    "Noise.usda",
    "Decay.usda",
    "Scene.usda",
    "BallAnimated.usda",
    "BallAnimatedGradient.usda",
    "BaseBall.usda"
  ],
  "recentIdentifiers" : {
    "17D701B6-FC62-4CEF-8AE6-D5FE2531C464" : [

    ],
    "32D3BAF3-BB9E-4124-B9B1-9FFF9B3FC0CC" : [

    ],
    "49B97549-CA5F-42C0-90AC-093EFF7D1D8D" : [

    ],
    "4D901028-FB06-4486-AEDB-2DE548062CAA" : [

    ],
    "5662A2D5-D8DB-4F87-975A-0FF8DF4658FC" : [

    ],
    "5F603E61-5E6B-4D50-87E4-283E86B0C4FC" : [

    ],
    "AF09ED6F-1707-48FD-8720-65B998362C09" : [

    ],
    "B568E0B4-CB2A-4406-B02C-C8F2943B0AB3" : [

    ],
    "C59A5778-A2D3-440C-B922-71E329E8258F" : [

    ],
    "D66134B1-3681-4A8E-AFE5-29F257229F3B" : [

    ],
    "DE7D0915-4DF4-4501-B192-4B257E63FDB2" : [

    ]
  },
  "sceneCameraHistory" : {
    "32D3BAF3-BB9E-4124-B9B1-9FFF9B3FC0CC" : [
      {
        "date" : 794474729.448571,
        "title" : "Untitled",
        "transform" : [
          1,
          0,
          0,
          0,
          0,
          0.7071069,
          -0.70710677,
          0,
          0,
          0.70710677,
          0.7071069,
          0,
          0.014182916,
          0.32587704,
          0.28758508,
          1
        ]
      },
      {
        "date" : 794474716.081069,
        "title" : "Untitled",
        "transform" : [
          1,
          0,
          0,
          0,
          0,
          0.7071069,
          -0.70710677,
          0,
          0,
          0.70710677,
          0.7071069,
          0,
          0.021919057,
          0.3523167,
          0.26114538,
          1
        ]
      },
      {
        "date" : 794474714.256959,
        "title" : "Untitled",
        "transform" : [
          1,
          0,
          0,
          0,
          0,
          0.7071069,
          -0.70710677,
          0,
          0,
          0.70710677,
          0.7071069,
          0,
          0,
          0.306731,
          0.30673105,
          1
        ]
      }
    ],
    "49B97549-CA5F-42C0-90AC-093EFF7D1D8D" : [
      {
        "date" : 794476251.961362,
        "title" : "Untitled",
        "transform" : [
          1,
          0,
          0,
          0,
          0,
          0.7071069,
          -0.70710677,
          0,
          0,
          0.70710677,
          0.7071069,
          0,
          0,
          0.625981,
          0.62598103,
          1
        ]
      }
    ],
    "4D901028-FB06-4486-AEDB-2DE548062CAA" : [
      {
        "date" : 795918514.307443,
        "title" : "Untitled",
        "transform" : [
          -0.51310366,
          -6.602063e-09,
          -0.8583267,
          0,
          -0.5796559,
          0.7375135,
          0.34651557,
          0,
          0.6330274,
          0.6753325,
          -0.37842092,
          0,
          0.074358806,
          0.14597625,
          -0.051418804,
          1
        ]
      },
      {
        "date" : 795918505.072567,
        "title" : "Untitled",
        "transform" : [
          -0.51310366,
          -6.602063e-09,
          -0.8583267,
          0,
          -0.5796559,
          0.7375135,
          0.34651557,
          0,
          0.6330274,
          0.6753325,
          -0.37842092,
          0,
          0.043009743,
          0.13937585,
          -0.11563911,
          1
        ]
      },
      {
        "date" : 795918495.222773,
        "title" : "Untitled",
        "transform" : [
          -0.51310366,
          -6.602063e-09,
          -0.8583267,
          0,
          -0.5796559,
          0.7375135,
          0.34651557,
          0,
          0.6330274,
          0.6753325,
          -0.37842092,
          0,
          0.11841905,
          0.2285711,
          -0.118491866,
          1
        ]
      },
      {
        "date" : 795918484.051003,
        "title" : "Untitled",
        "transform" : [
          -0.8751195,
          -1.0983207e-08,
          -0.4839068,
          0,
          0.027199782,
          0.99841905,
          -0.049189348,
          0,
          0.48314175,
          -0.056208782,
          -0.8737361,
          0,
          0.021042239,
          0.052349336,
          -0.122664005,
          1
        ]
      },
      {
        "date" : 795918466.0078,
        "title" : "Untitled",
        "transform" : [
          -0.034872252,
          -1.3796531e-08,
          -0.9993918,
          0,
          -0.31430888,
          0.9492574,
          0.010967323,
          0,
          0.9486801,
          0.31450012,
          -0.033102788,
          0,
          0.21160069,
          0.13260837,
          -0.04675778,
          1
        ]
      },
      {
        "date" : 795918456.166486,
        "title" : "Untitled",
        "transform" : [
          -0.034872252,
          -1.3796531e-08,
          -0.9993918,
          0,
          -0.31430888,
          0.9492574,
          0.010967323,
          0,
          0.94868,
          0.3145001,
          -0.033102784,
          0,
          0.24537285,
          0.21045725,
          -0.17668098,
          1
        ]
      },
      {
        "date" : 795918419.898838,
        "title" : "Untitled",
        "transform" : [
          0.5301085,
          -1.1768465e-08,
          0.8479298,
          0,
          0.15113385,
          0.98398733,
          -0.09448583,
          0,
          -0.83435214,
          0.17823865,
          0.52162004,
          0,
          -0.09684695,
          0.08091877,
          0.052985363,
          1
        ]
      },
      {
        "date" : 795918418.558051,
        "title" : "Untitled",
        "transform" : [
          0.5301085,
          -1.1768465e-08,
          0.8479298,
          0,
          0.15113385,
          0.98398733,
          -0.09448583,
          0,
          -0.83435214,
          0.17823865,
          0.52162004,
          0,
          -0.09723414,
          0.08091877,
          0.052366033,
          1
        ]
      },
      {
        "date" : 795918413.441766,
        "title" : "Untitled",
        "transform" : [
          0.5301085,
          -1.1768465e-08,
          0.8479298,
          0,
          0.15113385,
          0.98398733,
          -0.09448583,
          0,
          -0.83435214,
          0.17823865,
          0.52162004,
          0,
          -0.082961604,
          0.0755285,
          0.0770374,
          1
        ]
      },
      {
        "date" : 795918410.633572,
        "title" : "Untitled",
        "transform" : [
          0.5301085,
          -1.1768465e-08,
          0.8479298,
          0,
          0.15113385,
          0.98398733,
          -0.09448583,
          0,
          -0.83435214,
          0.17823865,
          0.52162004,
          0,
          -0.11510407,
          0.08810536,
          0.18356888,
          1
        ]
      }
    ],
    "5662A2D5-D8DB-4F87-975A-0FF8DF4658FC" : [
      {
        "date" : 794715104.529505,
        "title" : "Untitled",
        "transform" : [
          1,
          0,
          0,
          0,
          0,
          0.7071069,
          -0.70710677,
          0,
          0,
          0.70710677,
          0.7071069,
          0,
          -0.06918681,
          2.4593444,
          1.1982366,
          1
        ]
      },
      {
        "date" : 794715100.59396,
        "title" : "Untitled",
        "transform" : [
          1,
          0,
          0,
          0,
          0,
          0.7071069,
          -0.70710677,
          0,
          0,
          0.70710677,
          0.7071069,
          0,
          -0.23830914,
          2.5191405,
          1.1384407,
          1
        ]
      }
    ],
    "5F603E61-5E6B-4D50-87E4-283E86B0C4FC" : [
      {
        "date" : 794474894.152984,
        "title" : "Untitled",
        "transform" : [
          1,
          0,
          0,
          0,
          0,
          0.7071069,
          -0.70710677,
          0,
          0,
          0.70710677,
          0.7071069,
          0,
          0,
          0.30357698,
          0.303577,
          1
        ]
      }
    ],
    "8866BE83-4397-4F20-9AE7-7B9267B450A8" : [
      {
        "date" : 794477723.349608,
        "title" : "Untitled",
        "transform" : [
          1,
          0,
          0,
          0,
          0,
          0.7071069,
          -0.70710677,
          0,
          0,
          0.70710677,
          0.7071069,
          0,
          0,
          0.6163487,
          0.6163488,
          1
        ]
      }
    ],
    "AF09ED6F-1707-48FD-8720-65B998362C09" : [
      {
        "date" : 794715185.340208,
        "title" : "Untitled",
        "transform" : [
          0.99909073,
          4.3847863e-11,
          0.042635493,
          0,
          -0.0011097265,
          0.99966127,
          0.026004566,
          0,
          -0.042621046,
          -0.026028235,
          0.9987523,
          0,
          0.39332938,
          0.84639525,
          2.403353,
          1
        ]
      },
      {
        "date" : 794715180.690016,
        "title" : "Untitled",
        "transform" : [
          0.98750967,
          -6.6241146e-10,
          0.157559,
          0,
          0.0037032277,
          0.9997238,
          -0.023210257,
          0,
          -0.15751547,
          0.023503855,
          0.98723686,
          0,
          -3.671451,
          1.4466349,
          2.245534,
          1
        ]
      },
      {
        "date" : 794715171.607162,
        "title" : "Untitled",
        "transform" : [
          0.98750967,
          -6.6241146e-10,
          0.157559,
          0,
          0.0037032277,
          0.9997238,
          -0.023210257,
          0,
          -0.15751547,
          0.023503855,
          0.98723686,
          0,
          0.11669135,
          1.1164116,
          2.8578007,
          1
        ]
      },
      {
        "date" : 794715160.223847,
        "title" : "Untitled",
        "transform" : [
          0.98750967,
          -6.6241146e-10,
          0.157559,
          0,
          0.0037032277,
          0.9997238,
          -0.023210257,
          0,
          -0.15751547,
          0.023503855,
          0.98723686,
          0,
          0.09684956,
          1.4583019,
          2.8464954,
          1
        ]
      },
      {
        "date" : 794715083.31127,
        "title" : "Untitled",
        "transform" : [
          0.98750967,
          -6.6241146e-10,
          0.157559,
          0,
          0.0037032277,
          0.9997238,
          -0.023210257,
          0,
          -0.15751547,
          0.023503855,
          0.98723686,
          0,
          -0.06350231,
          0.7791902,
          2.837079,
          1
        ]
      },
      {
        "date" : 794715077.580617,
        "title" : "Untitled",
        "transform" : [
          0.99343336,
          1.5778001e-10,
          -0.11441298,
          0,
          -0.042608462,
          0.92806864,
          -0.3699638,
          0,
          0.1061831,
          0.37240934,
          0.92197424,
          0,
          0.9340575,
          2.1052542,
          2.80315,
          1
        ]
      },
      {
        "date" : 794714228.721545,
        "title" : "Untitled",
        "transform" : [
          0.99343336,
          1.5778001e-10,
          -0.11441298,
          0,
          -0.042608462,
          0.92806864,
          -0.3699638,
          0,
          0.1061831,
          0.37240934,
          0.92197424,
          0,
          0.26964808,
          1.2518312,
          0.0906505,
          1
        ]
      },
      {
        "date" : 794474278.179951,
        "title" : "Untitled",
        "transform" : [
          0.99343336,
          1.5778001e-10,
          -0.11441298,
          0,
          -0.042608462,
          0.92806864,
          -0.3699638,
          0,
          0.1061831,
          0.37240934,
          0.92197424,
          0,
          0.26220387,
          1.3594377,
          0.048042655,
          1
        ]
      },
      {
        "date" : 794474275.055832,
        "title" : "Untitled",
        "transform" : [
          0.99343336,
          1.5778001e-10,
          -0.11441298,
          0,
          -0.042608462,
          0.92806864,
          -0.3699638,
          0,
          0.1061831,
          0.37240934,
          0.92197424,
          0,
          0.3770538,
          1.7622468,
          1.045276,
          1
        ]
      },
      {
        "date" : 792573110.261895,
        "title" : "Untitled",
        "transform" : [
          0.99343336,
          1.5778001e-10,
          -0.11441298,
          0,
          -0.042608462,
          0.92806864,
          -0.3699638,
          0,
          0.1061831,
          0.37240934,
          0.92197424,
          0,
          0.17344284,
          0.67973155,
          1.5059819,
          1
        ]
      }
    ],
    "B568E0B4-CB2A-4406-B02C-C8F2943B0AB3" : [
      {
        "date" : 794477697.633025,
        "title" : "Untitled",
        "transform" : [
          1,
          0,
          0,
          0,
          0,
          0.7071069,
          -0.70710677,
          0,
          0,
          0.70710677,
          0.7071069,
          0,
          0,
          0.6501769,
          0.65017694,
          1
        ]
      }
    ],
    "C59A5778-A2D3-440C-B922-71E329E8258F" : [
      {
        "date" : 792467074.138747,
        "title" : "Untitled",
        "transform" : [
          0.993326,
          -1.2256967e-09,
          0.11534048,
          0,
          0.025305182,
          0.975636,
          -0.21793137,
          0,
          -0.11253039,
          0.21939568,
          0.96912456,
          0,
          -0.052766874,
          0.102877334,
          0.45443463,
          1
        ]
      },
      {
        "date" : 792467055.520807,
        "title" : "Untitled",
        "transform" : [
          0.95831853,
          -1.101899e-09,
          0.2857019,
          0,
          0.06847756,
          0.9708515,
          -0.22969162,
          0,
          -0.27737415,
          0.23968196,
          0.93038493,
          0,
          -0.13006419,
          0.112389825,
          0.43626913,
          1
        ]
      },
      {
        "date" : 792467050.055229,
        "title" : "Untitled",
        "transform" : [
          0.9923342,
          -5.0203384e-09,
          0.123583026,
          0,
          0.07914028,
          0.768057,
          -0.6354725,
          0,
          -0.09491881,
          0.6403816,
          0.7621692,
          0,
          -0.044508614,
          0.3002829,
          0.3573907,
          1
        ]
      },
      {
        "date" : 792465493.645914,
        "title" : "Untitled",
        "transform" : [
          0.9991302,
          -4.8188253e-10,
          0.041699994,
          0,
          0.0044216816,
          0.99436235,
          -0.10594338,
          0,
          -0.041464906,
          0.106035724,
          0.9934975,
          0,
          -0.019443411,
          0.04972144,
          0.46586338,
          1
        ]
      },
      {
        "date" : 792465461.907154,
        "title" : "Untitled",
        "transform" : [
          0.9999932,
          1.5236618e-11,
          0.0036841808,
          0,
          0.002951379,
          0.5985373,
          -0.80108947,
          0,
          -0.00220512,
          0.801095,
          0.5985332,
          0,
          -0.0010340082,
          0.37564343,
          0.2806597,
          1
        ]
      },
      {
        "date" : 792465458.823914,
        "title" : "Untitled",
        "transform" : [
          1,
          0,
          0,
          0,
          0,
          0.7071069,
          -0.70710677,
          0,
          0,
          0.70710677,
          0.7071069,
          0,
          0,
          0.3315712,
          0.33157125,
          1
        ]
      },
      {
        "date" : 792465456.999059,
        "title" : "Untitled",
        "transform" : [
          1,
          0,
          0,
          0,
          0,
          0.7071069,
          -0.70710677,
          0,
          0,
          0.70710677,
          0.7071069,
          0,
          0,
          0.5416425,
          0.54164255,
          1
        ]
      }
    ]
  },
  "sceneViewportBackgroundColors" : {

  },
  "selectedSceneRelativePath" : "Scene.usda"
}